1491,49
1491,48
1491,47
1491,46
1491,45
1491,44
1491,43
1491,42
1491,41
1491,40
1491,39
1491,38
1491,37
1491,36
1491,35
319,4
319,3
319,2
200,1
200,3
2,2
200,2
2,1
184,2
183,4
183,1
183,3
183,2
174,52
174,51
174,50
174,47
2,3
174,39
174,38
174,37
174,35
174,34
174,33
174,31
174,30
174,29
174,28
174,27
174,26
174,25
174,24
174,22
174,21
174,20
174,19
174,18
174,17
174,16
174,15
174,14
174,12
174,11
174,10
174,9
174,8
174,6
174,5
174,4
174,3
174,2
174,1
174,0
172,6
172,5
172,1
172,4
172,3
165,9
165,8
165,7
165,6
165,5
165,4
165,3
165,2
165,1
165,0
29,8
29,6
29,1
29,4
29,3
14,140
14,139
14,137
14,136
14,133
14,35
14,18
14,16
14,1
14,6
14,3
13,8
13,1
13,5
13,3
0,894
0,892
0,891
0,890
0,889
0,888
0,887
0,886
0,835
0,639
0,638
0,637
0,636
0,635
0,634
0,633
0,632
0,618
0,617
0,616
0,596
0,594
0,588
0,587
0,586
0,585
0,584
0,583
0,582
0,581
0,580
0,579
0,578
0,577
0,576
0,574
0,571
0,569
0,556
0,555
0,553
0,552
0,538
0,534
0,530
0,528
0,525
0,521
0,518
0,516
0,513
0,456
0,388
0,383
0,382
0,381
0,380
0,379
0,375
0,374
0,369
0,366
0,365
0,360
0,359
0,351
0,344
0,342
0,339
0,338
0,333
0,319
0,278
0,273
0,270
0,9
0,0
1491,34
1491,33
1491,32
1491,31
1491,30
1491,29
1491,28
1491,27
1491,26
1491,25
1491,24
1491,23
1491,22
1491,21
1491,20
1491,19
1491,18
1491,17
1491,16
1491,15
1491,14
1491,13
1491,12
1491,11
1491,10
1491,9
1491,8
1491,7
1491,6
1491,5
1491,4
1491,3
1491,2
1491,0
0,566
0,565
0,564
0,563
0,562
0,699
0,683
0,676
0,496
0,494
0,493
0,463
0,384
0,508
0,467
0,459
0,276
0,509
0,507
0,505
0,275
0,272
0,271
0,364
0,12
0,385
0,10
0,349
0,8
0,378
0,451
0,268
0,343
0,450
0,267
0,377
0,449
0,266
0,341
0,448
0,265
0,447
0,264
0,551
0,446
0,263
0,524
0,480
0,262
0,535
0,529
0,261
0,340
0,443
0,260
0,511
0,373
0,259
0,457
0,442
0,258
0,371
0,441
0,257
0,485
0,440
0,256
0,335
0,439
0,255
0,438
0,254
0,550
0,437
0,253
0,436
0,252
0,527
0,435
0,251
0,484
0,434
0,250
0,368
0,433
0,249
0,476
0,432
0,248
0,855
0,431
0,247
0,526
0,430
0,246
0,334
0,429
0,245
0,367
0,428
0,244
0,514
0,427
0,242
0,426
319,1
319,5
465,2
465,3
499,3
499,1
499,4
584,3
584,4
584,5
778,0
778,3
778,1
778,5
778,7
801,3
1089,0
1089,1
1089,3
1089,14
1095,2
1095,1
1204,2
1205,1
1326,1
1326,4
19,1
1353,4
1353,1
1365,10
1365,1
20,1
20,2
1378,0
1378,1
1378,3
1378,5
1378,6
1378,8
1379,0
1379,2
1379,3
1379,5
1379,7
1379,8
1380,1
1380,2
1380,4
1380,6
1380,7
1381,0
1381,1
1381,3
1381,5
1381,6
1381,8
1382,0
1382,2
1382,3
1382,5
1382,7
12,3
1383,0
1383,1
1383,2
1383,3
1383,4
1383,6
1383,7
1384,0
8,3
1384,2
1384,4
1384,5
1384,7
1384,8
1385,1
8,9
1385,2
1385,4
1385,5
1385,7
1385,8
1386,1
1386,2
1386,3
1386,5
1386,6
1386,8
1387,1
8,8
8,17
1387,2
8,5
8,6
8,12
1387,6
1387,7
1388,0
1388,1
1388,2
1388,4
1388,5
1388,7
9,2
1389,0
1389,1
1389,2
1389,3
1389,4
1389,6
9,5
1389,8
1390,1
1390,2
1390,4
1390,5
1390,7
1390,8
1391,0
11,2
11,21
1391,3
1391,4
1391,6
1391,7
1391,8
1392,1
11,11
11,25
1392,4
1392,5
11,27
1392,7
1393,0
1393,1
11,5
1393,3
1393,4
1393,6
1393,7
1394,0
10,3
1394,2
1394,3
10,73
1394,5
1394,7
